0 123123 
1 123123 
2 123123 
3 123123 
4 123123 
5 123123 
6 123123 
7 123123 
8 123123 
9 123123 
10 123123 
11 123123 
12 123123 
13 123123 
14 123123 
15 123123 
16 123123 
17 123123 
18 123123 
19 123123 
20 123123 
21 123123 
22 123123 
23 123123 
24 123123 
25 123123 
26 123123 
27 123123 
28 123123 
29 123123 
30 123123 
31 123123 
32 123123 
33 123123 
34 123123 
35 123123 
36 123123 
37 123123 
38 123123 
39 123123 
40 123123 
41 123123 
42 123123 
43 123123 
44 123123 
45 123123 
46 123123 
47 123123 
48 123123 
49 123123 
50 123123 
51 123123 
52 123123 
53 123123 
54 123123 
55 123123 
56 123123 
57 123123 
58 123123 
59 123123 
60 123123 
61 123123 
62 123123 
63 123123 
64 123123 
65 123123 
66 123123 
67 123123 
68 123123 
69 123123 
70 123123 
71 123123 
72 123123 
73 123123 
74 123123 
75 123123 
76 123123 
77 123123 
78 123123 
79 123123 
80 123123 
81 123123 
82 123123 
83 123123 
84 123123 
85 123123 
86 123123 
87 123123 
88 123123 
89 123123 
90 123123 
91 123123 
92 123123 
93 123123 
94 123123 
95 123123 
96 123123 
97 123123 
98 123123 
99 123123 
100 123123 
101 123123 
102 123123 
103 123123 
104 123123 
105 123123 
106 123123 
107 123123 
108 123123 
109 123123 
110 123123 
111 123123 
112 123123 
113 123123 
114 123123 
115 123123 
116 123123 
117 123123 
118 123123 
119 123123 
120 123123 
121 123123 
122 123123 
123 123123 
124 123123 
125 123123 
126 123123 
127 123123 
128 123123 
129 123123 
130 123123 
131 123123 
132 123123 
133 123123 
134 123123 
135 123123 
136 123123 
137 123123 
138 123123 
139 123123 
140 123123 
141 123123 
142 123123 
143 123123 
144 123123 
145 123123 
146 123123 
147 123123 
148 123123 
149 123123 
150 123123 
151 123123 
152 123123 
153 123123 
154 123123 
155 123123 
156 123123 
157 123123 
158 123123 
159 123123 
160 123123 
161 123123 
162 123123 
163 123123 
164 123123 
165 123123 
166 123123 
167 123123 
168 123123 
169 123123 
170 123123 
171 123123 
172 123123 
173 123123 
174 123123 
175 123123 
176 123123 
177 123123 
178 123123 
179 123123 
180 123123 
181 123123 
182 123123 
183 123123 
184 123123 
185 123123 
186 123123 
187 123123 
188 123123 
189 123123 
190 123123 
191 123123 
192 123123 
193 123123 
194 123123 
195 123123 
196 123123 
197 123123 
198 123123 
199 123123 
200 123123 
201 123123 
202 123123 
203 123123 
204 123123 
205 123123 
206 123123 
207 123123 
208 123123 
209 123123 
210 123123 
211 123123 
212 123123 
213 123123 
214 123123 
215 123123 
216 123123 
217 123123 
218 123123 
219 123123 
220 123123 
221 123123 
222 123123 
223 123123 
224 123123 
225 123123 
226 123123 
227 123123 
228 123123 
229 123123 
230 123123 
231 123123 
232 123123 
233 123123 
234 123123 
235 123123 
236 123123 
237 123123 
238 123123 
239 123123 
240 123123 
241 123123 
242 123123 
243 123123 
244 123123 
245 123123 
246 123123 
247 123123 
248 123123 
249 123123 
250 123123 
251 123123 
252 123123 
253 123123 
254 123123 
255 123123 
256 123123 
257 123123 
258 123123 
259 123123 
260 123123 
261 123123 
262 123123 
263 123123 
264 123123 
265 123123 
266 123123 
267 123123 
268 123123 
269 123123 
270 123123 
271 123123 
272 123123 
273 123123 
274 123123 
275 123123 
276 123123 
277 123123 
278 123123 
279 123123 
280 123123 
281 123123 
282 123123 
283 123123 
284 123123 
285 123123 
286 123123 
287 123123 
288 123123 
289 123123 
290 123123 
291 123123 
292 123123 
293 123123 
294 123123 
295 123123 
296 123123 
297 123123 
298 123123 
299 123123 
300 123123 
301 123123 
302 123123 
303 123123 
304 123123 
305 123123 
306 123123 
307 123123 
308 123123 
309 123123 
310 123123 
311 123123 
312 123123 
313 123123 
314 123123 
315 123123 
316 123123 
317 123123 
318 123123 
319 123123 
320 123123 
321 123123 
322 123123 
323 123123 
324 123123 
325 123123 
326 123123 
327 123123 
328 123123 
329 123123 
330 123123 
331 123123 
332 123123 
333 123123 
334 123123 
335 123123 
336 123123 
337 123123 
338 123123 
339 123123 
340 123123 
341 123123 
342 123123 
343 123123 
344 123123 
345 123123 
346 123123 
347 123123 
348 123123 
349 123123 
350 123123 
351 123123 
352 123123 
353 123123 
354 123123 
355 123123 
356 123123 
357 123123 
358 123123 
359 123123 
360 123123 
361 123123 
362 123123 
363 123123 
364 123123 
365 123123 
366 123123 
367 123123 
368 123123 
369 123123 
370 123123 
371 123123 
372 123123 
373 123123 
374 123123 
375 123123 
376 123123 
377 123123 
378 123123 
379 123123 
380 123123 
381 123123 
382 123123 
383 123123 
384 123123 
385 123123 
386 123123 
387 123123 
388 123123 
389 123123 
390 123123 
391 123123 
392 123123 
393 123123 
394 123123 
395 123123 
396 123123 
397 123123 
398 123123 
399 123123 
400 123123 
401 123123 
402 123123 
403 123123 
404 123123 
405 123123 
406 123123 
407 123123 
408 123123 
409 123123 
410 123123 
411 123123 
412 123123 
413 123123 
414 123123 
415 123123 
416 123123 
417 123123 
418 123123 
419 123123 
